sudo jpnevulator --ascii --timing-print --tty /dev/usbmon1 --read

READ FROM NOSTROMO (type a)
2012-11-02 00:30:05.994471:
40 9E FC AF 01 88 FF FF 43 01 81 03 01 00 2D 00 @.......C.....-.
FD 05 93 50 00 00 00 00 38 2C 0F 00 00 00 00 00 ...P....8,......
08 00 00 00 08 00 00 00 00 00 00 00 00 00 00 00 ................
00 00 14 00 00 00 00 00 40 9E FC AF 01 88 FF FF ........@.......
53 01 81 03 01 00 2D 3C FD 05 93 50 00 00 00 00 S.....-<...P....
67 2C 0F 00 8D FF FF FF 08 00 00 00 00 00 00 00 g,..............
00 00 00 00 00 00 00 00a 40 9E FC AF 01 88 FF FF        ........@.......
43 01 81 03 01 00 2D 00 FE 05 93 50 00 00 00 00 C.....-....P....
3B 03 01 00 00 00 00 00 08 00 00 00 08 00 00 00 ;...............
00 00 00 00 00 00 00 00 00 00 00 00 00 00 00 00 ................
40 9E FC AF 01 88 FF FF 53 01 81 03 01 00 2D 3C @.......S.....-<
FE 05 93 50 00 00 00 00 69 03 01 00 8D FF FF FF ...P....i.......
08 00 00 00 00 00 00 00 00 00 00 00 00 00 00 00 ................

READ FROM KEYBOARD (type a)
2012-11-02 00:30:27.719320:
C0 D3 0C AF 01 88 FF FF 43 01 81 04 01 00 2D 00 ........C.....-.
13 06 93 50 00 00 00 00 65 F9 0A 00 00 00 00 00 ...P....e.......
08 00 00 00 08 00 00 00 00 00 00 00 00 00 00 00 ................
00 00 14 00 00 00 00 00 C0 D3 0C AF 01 88 FF FF ................
53 01 81 04 01 00 2D 3C 13 06 93 50 00 00 00 00 S.....-<...P....
93 F9 0A 00 8D FF FF FF 08 00 00 00 00 00 00 00 ................
00 00 00 00 00 00 00 00a C0 D3 0C AF 01 88 FF FF        ................
43 01 81 04 01 00 2D 00 13 06 93 50 00 00 00 00 C.....-....P....
AB E3 0B 00 00 00 00 00 08 00 00 00 08 00 00 00 ................
00 00 00 00 00 00 00 00 00 00 00 00 00 00 00 00 ................
C0 D3 0C AF 01 88 FF FF 53 01 81 04 01 00 2D 3C ........S.....-<
13 06 93 50 00 00 00 00 D9 E3 0B 00 8D FF FF FF ...P............
08 00 00 00 00 00 00 00 00 00 00 00 00 00 00 00 ................


#APPUIE 2 FOIS TAB NOSTROMO

2012-11-02 00:33:04.858197:
40 9E FC AF 01 88 FF FF 43 01 81 03 01 00 2D 00 @.......C.....-.
B0 06 93 50 00 00 00 00 E1 17 0D 00 00 00 00 00 ...P............
08 00 00 00 08 00 00 00 00 00 00 00 00 00 00 00 ................
00 00 39 00 00 00 00 00 40 9E FC AF 01 88 FF FF ..9.....@.......
53 01 81 03 01 00 2D 3C B0 06 93 50 00 00 00 00 S.....-<...P....
10 18 0D 00 8D FF FF FF 08 00 00 00 00 00 00 00 ................
00 00 00 00 00 00 00 00 C0 9C FC AF 01 88 FF FF ................
53 02 00 03 01 00 00 00 B0 06 93 50 00 00 00 00 S..........P....
20 1A 0D 00 8D FF FF FF 01 00 00 00 01 00 00 00  ...............
21 09 00 02 00 00 01 00 02 C0 9C FC AF 01 88 FF !...............
FF 43 02 00 03 01 00 2D 3E B0 06 93 50 00 00 00 .C.....->...P...
00 12 1B 0D 00 00 00 00 00 01 00 00 00 00 00 00 ................
00 00 00 00 00 00 00 00 00 40 9E FC AF 01 88 FF .........@......
FF 43 01 81 03 01 00 2D 00 B0 06 93 50 00 00 00 .C.....-....P...
00 16 DF 0D 00 00 00 00 00 08 00 00 00 08 00 00 ................
00 00 00 00 00 00 00 00 00 00 00 00 00 00 00 00 ................
00 40 9E FC AF 01 88 FF FF 53 01 81 03 01 00 2D .@.......S.....-
3C B0 06 93 50 00 00 00 00 44 DF 0D 00 8D FF FF <...P....D......
FF 08 00 00 00 00 00 00 00 00 00 00 00 00 00 00 ................
00                                              .
2012-11-02 00:33:23.306063:
40 9E FC AF 01 88 FF FF 43 01 81 03 01 00 2D 00 @.......C.....-.
C3 06 93 50 00 00 00 00 1D AB 04 00 00 00 00 00 ...P............
08 00 00 00 08 00 00 00 00 00 00 00 00 00 00 00 ................
00 00 39 00 00 00 00 00 40 9E FC AF 01 88 FF FF ..9.....@.......
53 01 81 03 01 00 2D 3C C3 06 93 50 00 00 00 00 S.....-<...P....
4B AB 04 00 8D FF FF FF 08 00 00 00 00 00 00 00 K...............
00 00 00 00 00 00 00 00 40 9E FC AF 01 88 FF FF ........@.......
43 01 81 03 01 00 2D 00 C3 06 93 50 00 00 00 00 C.....-....P....
4A 20 05 00 00 00 00 00 08 00 00 00 08 00 00 00 J ..............
00 00 00 00 00 00 00 00 00 00 00 00 00 00 00 00 ................
40 9E FC AF 01 88 FF FF 53 01 81 03 01 00 2D 3C @.......S.....-<
C3 06 93 50 00 00 00 00 77 20 05 00 8D FF FF FF ...P....w ......
08 00 00 00 00 00 00 00 00 00 00 00 00 00 00 00 ................
C0 9C FC AF 01 88 FF FF 53 02 00 03 01 00 00 00 ........S.......
C3 06 93 50 00 00 00 00 72 21 05 00 8D FF FF FF ...P....r!......
01 00 00 00 01 00 00 00 21 09 00 02 00 00 01 00 ........!.......
00 C0 9C FC AF 01 88 FF FF 43 02 00 03 01 00 2D .........C.....-
3E C3 06 93 50 00 00 00 00 06 22 05 00 00 00 00 >...P.....".....
00 01 00 00 00 00 00 00 00 00 00 00 00 00 00 00 ................
00                                              .

